0.506824
0.909156
0.740965
0.388065
0.215530
0.395193
0.122338
0.292968
0.805175
0.540945
0.743351
0.399172
0.794626
0.659269
0.537851
0.561836
0.531598
0.419088
0.294352
0.316143
0.446108
0.626780
0.749667
0.722285
0.355557
0.819201
0.290500
0.809996
0.680663
0.741459
0.642705

0.676742
0.840852
0.732561
0.451278
0.586580
0.396343
0.242990
0.396362
0.623803
0.561403
0.817448
0.610932
0.774795
0.435051
0.356716

0.461358

0.787217
0.615155
0.185137
0.600796
0.820123
0.622530
0.198091
0.687929
0.347317
0.763314
0.162333
0.570270
0.560341
0.437625
0.447361
0.530859
0.448227
0.501010
0.569862
0.815897
0.463169
0.980878
0.531388
0.856856
0.495667
0.882710
0.449533
0.741218
0.510746
0.506877
0.671088
0.785256
0.171045
0.625261
0.607807
0.570117
0.555174

0.358655
0.636278
0.414512
0.600413
0.282148
0.721779

0.151712
0.698907
0.437986
0.535251
0.589885
0.529809
0.564573
0.594480
0.276600
0.656793
0.648953
0.586094
0.000482
0.247734
0.694192

0.591536
0.601871
0.409696
0.666819
0.313614
0.460798
0.733418
0.701543
0.791779
0.221843
0.608546
0.305955
0.689166
0.537920
0.514348
0.501740
0.710195
0.406270
0.233264
0.492229
0.801047
0.694488

0.592750
0.491779
0.273367

0.479422
0.459418
0.426546
0.683485
0.477074
0.534275
0.729740
0.383973

0.621785
0.376369
0.586233
0.549026
0.546548
0.515585
0.312055
0.768440
0.390283
0.511090
0.473193
0.609022
0.803564
0.716925
0.775079
0.516309
0.575795
0.444804
0.511185
0.433005
0.539463
0.591310
0.667649
0.311211
0.587921
0.232922
0.567330
0.366528
0.320839
0.410675
0.709364

0.376628
0.414074
0.801208
0.461768

0.359443
0.426786
0.686153
0.359321
0.696510
0.435806
0.394390
0.420840
0.200120
0.798405
0.880102
0.618642
0.844200
0.557531
0.633391
0.565961
0.477040

0.801787
0.516375
0.502632
0.513679
0.395435
0.538498
0.617049
0.435513
0.531924
0.414300
0.254191

0.498832
0.577327
0.578074
0.408948
0.544976
0.486219
0.589149
0.419964
0.513831
0.953486
0.876144
0.293849
0.465038
0.703495
0.729282
0.716185
0.492779
0.282490
0.944606
0.723785
0.675674
0.763219
0.789732

0.668742
0.331658
0.714182
0.521742
0.550145
0.865989
0.300404

0.617623

0.634422
0.819142
0.636172
0.277749
0.386314
0.373236
0.587918
0.726093
0.729950
0.398038
0.488418
0.816660
0.302363
0.533977
0.773315
0.431046
0.515495
0.718625
0.450638
0.600224
0.660219
0.810468
0.508850
0.802526
0.642083
0.801284

0.545021
0.503106
0.631411
0.710755
0.449298
0.642331
0.590972
0.638234
0.377578
0.598683
0.198869
0.774914
0.390732
0.764851
0.828245
0.740714
0.400743
0.408339
0.505828
0.589082
0.475746
0.297446
0.608831
0.408420
0.704467
0.420880
0.781902
0.625693
0.263427
0.534802
0.803502
0.384053
0.495171
0.495871
0.263730
0.212952
0.367653
0.871351
0.607592
0.495759
0.784990
0.533959
0.351448
0.446432
0.683273
0.796791
0.515850
0.774807
0.821144
0.617999
0.838276
0.500278
0.706331
0.797654
0.481728
0.212123
0.196386
0.354643
0.591182
0.677366
0.628475

0.572206
0.639691
0.425598
0.856305
0.788302
0.390080
0.648309
0.334550
0.351543
0.828195
0.719751
0.526520
0.531151
0.252989
0.582615
0.582306

0.525261
0.589961
0.906334
0.620205
0.943477
0.223431
0.274812
0.662873
0.480799
0.577818
0.462508
0.635759
0.492487
0.710442
0.751176
0.712304
0.752641
0.238313
0.918464
0.555737
0.374404
0.621265
0.800391
0.522771
0.644183
0.421176
0.685300
0.717769
0.358654
0.263559
0.368010
0.307511
0.733588
0.665030
0.474440
0.555158
0.822464
0.313792

0.376894
0.447016
0.802227
0.786174
0.655012
0.760518
0.596497
0.791269
0.575144
0.721467
0.678424
0.658082
0.213821
0.790221
0.526770
0.203096
0.466080
0.305499
0.797717
0.817834
0.709771
0.187404
0.839488
0.717507
0.579764
0.588180
0.215778
0.782191
0.639680
0.222048
0.436260
0.674014
0.749229
0.553482

0.329212
0.492891
0.502784
0.599122
0.480233
0.282348
0.651559
0.295471
0.514702
0.524339
0.643069
0.573250
0.757913
0.861620
0.398090
0.282078
0.763941
0.346247
0.622619
0.674469

0.805325
0.511741
0.285226
0.654652
0.555892
0.368041
0.481932
0.897402
0.415499
0.529288
0.275131
0.548217
0.489706
0.483124
0.422565
0.573848
0.644733
0.441204
0.505327
0.264112
0.313552
0.634708
0.445829

0.369563
0.404604

0.626623

0.506473
0.742557
0.721934
0.574614
0.745254
0.646103
0.810487
0.796211
0.304313
0.387810

0.456388
0.763219
0.435053
0.873964
0.663288
0.706017
0.532285
0.532908
0.150658
0.534089
0.368180
0.672777

0.661503
0.439209
0.735000
0.805075
0.503719
0.738748
0.197876
0.643970
0.788020
0.600237
0.672651
0.458976
0.546504
0.458337
0.517937
0.257845
0.646169
0.484138
0.442747
0.634870
0.588334
0.640454
0.473661
0.491021
0.790441

0.464787
0.916981
0.453572
0.696138
0.544457
0.496266
0.849772
0.708756
0.677861
0.736949
0.774908
0.464022
0.766519
0.681325
0.481556
0.529122
0.353181
0.351604
0.663072
0.666281

0.306862
0.768283
0.514379
0.687474
0.643107
0.461716
0.717502
0.313531
0.597485
0.507242
0.749927
0.272694
0.806574
0.547015
0.668120
0.403293
0.723935
0.604524
0.854688
0.637014
0.381161
0.372622
0.229352
0.336469
0.738633
0.406981
0.827940
0.427886
0.676067
0.533137
0.369851
0.733476
0.523966
0.723584
0.466607
0.475598
0.522701
0.356622
0.219819
0.761395
0.525952
0.320314
0.444918
0.411538
0.742396
0.686997
0.759898
0.801875
0.731813
0.318658
0.690021
0.552565
0.506861
0.670704
0.391476
0.507039
0.556130
0.393218
0.372334
0.445759
0.841153
0.505029
0.440132
0.440344
0.405755
0.550738
0.622070
0.404488
0.445559
0.515540
0.801876
0.336132
0.579248
0.584739
0.601645
0.682605
0.517046
0.741891
0.693173
0.360928
0.473433
0.341796
0.550055
0.546942
0.231749
0.521920
0.485064
0.170128
0.745616

0.478244
0.490202

0.741695
0.711041
0.585094
0.579201
0.607959
0.602763
0.711721
0.526910
0.610631
0.637210
0.382436
0.685378
0.343856
0.378931
0.439090
0.395729
0.295993
0.483402
0.803963
0.383455
0.450984
0.686208
0.391898
0.422941
0.515586
0.437625
0.683127
0.531689
0.627967
0.810049
0.199385
0.578700
0.663601
0.678736

0.269396
0.741424
0.419309
0.433079
0.656514
0.557579
0.701674

0.729408
0.427652

0.697266
