0.942158
0.374889
0.644330
0.549245
0.803415
0.700744
0.635626
0.000000
0.709914
0.704921
0.539103
0.824699
0.800092
0.606955
0.871469
0.750912
0.527576
0.737872
0.489756
0.694827
0.573999
0.980878
0.518851
0.883656
0.893700
0.520321
0.820327
0.000000
0.491328
0.637216
0.602024
0.555921
0.686362
0.712384
0.805105
0.609286
0.439604
0.504131
0.687152
0.654629
0.548059
0.731212
0.692226
0.820282
0.612604
0.698064
0.549767
0.394588
0.836587
0.686327
0.785734
0.410455
0.517524
0.000000
0.475754
0.786209
0.895382
0.887086
0.481189
0.652814
0.562704
0.554322
0.419043
0.703627
0.645323
0.936880
0.789130
0.900166
0.666758
0.698747
0.747051
0.000000
0.787226
0.504195
0.470751
0.790760
0.605458
1.000000
0.706174
0.563937
0.823239
0.337459
0.179023
0.493388
0.306427
0.438873
0.702972
0.700028
0.845439
0.759329
0.720106
0.925760
0.629385
0.344776
0.806850
0.282972
0.000000
0.875772
0.667075
0.759257
0.397081
0.617915
0.303101
0.625248
0.736871
0.781794
0.650497
0.717904
0.774726
0.532603
0.663550
0.586535
0.343088
0.321826
0.732570
0.712343
0.000000
0.565699
0.258038
0.630056
0.000000
0.521168
0.521168
0.854141
0.573384
0.422389
0.435278
0.129147
0.737464
0.725213
0.770513
0.209196
0.602372
0.558427
0.436811
0.750676
0.548111
0.647907
0.500863
0.650879
0.352396
0.553734
0.778709
0.483267
0.766055
0.800671
0.602774
0.765698
0.762635
0.605817
0.405121
0.489111
0.317135
0.516151
0.516151
0.813392
0.761447
0.856116
0.740774
0.557369
0.768052
0.758230
0.641488
0.327878
0.709926
0.523715
0.360837
0.732945
0.735065
0.506818
0.491639
0.422941
0.379413
0.704316
0.743264
0.426241
0.569443
0.801675
0.575928
0.763633
0.690031
0.519618
0.601778
0.365991
0.817391
0.313759
0.728269
0.580783
0.499402
0.724649
0.611498
0.526404
0.761735
0.562662
0.781668
0.000000
0.819949
