0.856590
0.635499
0.403714
0.810060
0.446319
0.642894
0.852598
0.363277
0.426238
0.889929
0.601836
0.781337
0.889709
0.366070
0.797553
0.403398
0.831933
0.694189
0.978493
0.906491
0.838397
0.888584
0.471744
0.606863
0.645288
0.660093
0.454350
0.924320
0.761760
0.868793
0.686701
0.648957
0.905711
0.655612
0.841536
0.394148
0.690448
0.681480
0.913976
0.890663
0.913897
0.499154
0.904870
0.567040
0.481148
0.926667
0.880757
0.510448
0.942194
0.533682
0.796610
0.876042
0.784296
0.655612
0.682415
0.960953
0.944378
0.918569
0.743712
0.374822
0.888616
0.716902
0.603147
0.759180
0.674718
0.742829
0.537400
0.791684
0.795407
0.692092
0.277446
0.254093
0.342497
0.620248
0.840588
0.702899
0.902441
0.827916
0.664578
0.878235
0.689485
0.832423
0.620603
0.603741
0.793987
0.638658
0.402711
0.402711
0.392878
0.416439
0.656419
0.564855
0.900712
0.353320
0.537999
0.606040
0.364143
0.689139
0.939610
0.750886
0.764458
0.813226
0.385504
0.385504
0.387181
0.919425
0.330736
0.923076
0.599865
0.942293
0.575013
0.598968
0.900761
0.645006
0.730064
0.290829
0.850555
0.736176
0.653467
0.717761
0.872521
0.773890
0.775564
0.290595
0.710122
0.775449
0.565801
0.799314
0.904509
0.415019
0.426006
0.820005
0.569021
0.787365
