0.762691
0.926334
0.783781
0.436153
0.403895
0.340284

0.410687
0.010001
0.657309
0.717400
0.438073
0.792647
0.652381
0.614313
0.654695
0.544766
0.564580
0.439013
0.273608
0.404087
0.631015
0.717333
0.739054

0.803263
0.304843
0.840244
0.702061
0.822594
0.732282

0.702627
0.892998
0.750648
0.005816
0.578359
0.527195
0.438242
0.475457
0.661164
0.617231
0.766149
0.558640
0.787320
0.518266
0.353100

0.488442
0.156266
0.557712
0.655486
0.223930
0.827429
0.765478
0.774636
0.220095
0.636493
0.693777
0.776271
0.474790
0.633039
0.491634
0.544879
0.448150
0.492249
0.454025
0.521967
0.525938
0.830140
0.507994
0.971288
0.565556
0.945730
0.463717
0.873790
0.432033
0.735860
0.526750
0.431071
0.637623
0.820935

0.529193
0.469003
0.585516
0.618016
0.207902
0.317504
0.638214
0.348077
0.635421
0.363779
0.717181
0.283929

0.749027
0.526221
0.661684
0.666588
0.488189
0.560177
0.600396
0.256169
0.646053
0.727336
0.624945
0.580319
0.131008
0.717986

0.713733
0.568443

0.710525
0.437182
0.716231
0.727674
0.915183
0.763937

0.600826
0.398426
0.594903
0.565200
0.687375
0.660568
0.781278
0.518375
0.205261
0.530924
0.725979
0.524047

0.671030
0.445009

0.385511
0.655094
0.402659
0.366047
0.770858
0.483030
0.712700
0.894117
0.525348
0.271666
0.627713
0.429784
0.502925
0.592552
0.663758
0.629743
0.323610
0.737302

0.366596
0.486712
0.760105
0.814528
0.725762
0.799783
0.531232
0.775608
0.535572
0.575798
0.669690
0.732678
0.641101
0.707673
0.389273
0.565458

0.605339
0.233386
0.385089
0.608482
0.701910

0.334489
0.482742
0.800182
0.564171

0.428268
0.457299
0.651717
0.532951
0.763065
0.381900
0.532909
0.528454
0.540207
0.882285
0.874066
0.678292
0.869313
0.354372
0.650864
0.543931
0.450264

0.819633
0.661195
0.507722
0.501011

0.395890
0.658447
0.223943
0.673416
0.444118
0.326256
0.264464
0.530859
0.688040
0.701184
0.362084
0.467988

0.618620
0.321286
0.633143
0.971785
0.916649
0.346058
0.463670
0.633263
0.689209
0.740087
0.556051
0.294969
0.960515
0.755249
0.735349
0.834596
0.848652
0.166219
0.719085
0.226224
0.719843
0.602552
0.538389
0.882417
0.387699

0.707713

0.695680
0.838832
0.624000
0.421590
0.433605
0.330786
0.621258
0.670500
0.772995
0.328375
0.665092
0.768172
0.625556
0.499484
0.808861
0.534809
0.595840
0.719165
0.388324
0.457438
0.642546
0.802059
0.720990
0.816529
0.641018
0.744921

0.516593
0.448070
0.551060
0.739742
0.440299
0.688582
0.612954
0.700464
0.404379
0.663800
0.475050
0.665799
0.402669
0.783023
0.826008
0.834206
0.497713
0.315004
0.541236
0.520274
0.530434
0.212150
0.547908
0.082898
0.640202
0.343945
0.812820
0.681679
0.334912
0.529291
0.835434
0.417526
0.457904
0.395723
0.183958
0.191288
0.458343
0.901679
0.630874
0.656067
0.782605
0.536951
0.290248
0.512415
0.731997
0.794023
0.557848
0.845102
0.719584
0.567028
0.839852
0.455057

0.662882
0.785358
0.315329
0.414395
0.368332
0.527999
0.676378
0.649330
0.633079
0.659267
0.509871
0.649539
0.894399
0.835547
0.438738
0.697642

0.325785
0.919686
0.804684
0.412407
0.448179

0.333316
0.310816
0.526967

0.454781
0.899372
0.581038
0.911408
0.385521
0.192827
0.889898
0.579115
0.568197
0.234479
0.572197
0.678558
0.685361
0.712045
0.656880
0.740926
0.160456
0.928504
0.638967
0.512224
0.625321
0.912214
0.566110
0.784735
0.578365
0.699146
0.736779
0.364330
0.191250
0.455784
0.475270
0.697558
0.766206
0.545334
0.623064
0.772979
0.284100
0.522664
0.356080
0.341770
0.703349
0.786386
0.708226
0.651304
0.715419
0.873077
0.565416
0.784811
0.752541
0.774243
0.733105
0.909018
0.673059
0.327291
0.759790
0.463089
0.760646
0.863643
0.693401
0.323133
0.849605
0.702740
0.595072
0.550411

0.777710
0.740151
0.226811
0.439563
0.692370
0.763074
0.622257
0.313826
0.252885
0.415100
0.548046
0.602961
0.549450
0.424412
0.574595

0.581057
0.466251
0.582668
0.575521
0.772324
0.910036
0.361337
0.534677
0.813276
0.321969
0.507284
0.650528

0.765768
0.518849
0.295814
0.634588
0.662487
0.469502
0.481303
0.886760
0.378665
0.432606
0.335429
0.672450
0.772132
0.343419
0.331924
0.663563
0.650344
0.396060
0.414505
0.315168
0.274905
0.665255
0.518230

0.364238
0.433494

0.564746

0.500214
0.819284
0.730192
0.596746
0.725850
0.669823
0.758772
0.773764
0.450714
0.377341

0.514157
0.733466
0.578361
0.820885
0.773908
0.656452
0.614352
0.441790

0.526124
0.414591
0.658848

0.426087
0.348417
0.672296
0.815746
0.520239
0.655396
0.171332
0.783895
0.866341
0.626866
0.702594
0.445181
0.655959
0.605689
0.478771
0.254902
0.749336
0.545469
0.409178
0.586838
0.642427
0.606138
0.549789
0.559865
0.799266
0.175729
0.473636
0.904483
0.535152
0.817153
0.567359
0.436889
0.817954
0.681143
0.760392
0.706229
0.758801
0.578802
0.786962

0.449436
0.463364
0.490200
0.391110
0.742640
0.551645

0.482845
0.906977
0.626430
0.696417
0.535710
0.422279
0.632789
0.263186
0.529405
0.562537
0.804060
0.270699
0.862099
0.534166
0.786506
0.447310
0.790372
0.509315
0.812045
0.651974
0.522360
0.367281

0.345224
0.797954
0.572962
0.893307
0.511895
0.705654
0.592157
0.295282
0.681781
0.436904
0.707416
0.500110
0.584063
0.531742
0.399488

0.824429
0.508523
0.394595
0.533095
0.436247
0.762567
0.775818
0.709479
0.774712
0.674611
0.646456
0.723341
0.537305
0.610481
0.675610
0.480030
0.512313
0.724890
0.397349
0.213440
0.549620
0.847445
0.542093
0.409913
0.422266
0.452884
0.564929
0.763973
0.457488
0.529582
0.585961
0.814088

0.543896
0.704631
0.540970
0.651662
0.205931
0.769261
0.692747
0.005322
0.422576
0.187641
0.574479
0.627381
0.258277
0.525921
0.539192

0.717363
0.221420
0.522082
0.420307

0.786606
0.766268
0.614436
0.635417
0.564237
0.839395
0.786326
0.743494
0.683371
0.684422
0.263101
0.728867
0.484328
0.555197
0.519524
0.463258
0.331457
0.524492
0.831695
0.454538
0.382472
0.702655
0.518040
0.423805
0.398226
0.373426
0.684474
0.670520
0.589891
0.816220
0.554967
0.638771
0.661537
0.752116

0.328337
0.775933
0.420728
0.618485
0.639132
0.597658
0.719100
0.256671
0.725945
0.458741

0.718292
