0.770047
0.969152
0.931098
0.271753
0.649717


0.468297
0.890082
0.625862
0.793450

0.776770
0.629035
0.716070
0.623694
0.521550
0.892260
0.248304

0.519072
0.700254
0.717352
0.661029

0.900201
0.310813
0.579395
0.611640
0.694940
0.742147

0.705478
0.981882
0.763178
0.538264
0.622451
0.463158
0.369263

0.562325
0.421563
0.850196
0.607055
0.720413
0.580895
0.618213

0.443878

0.772591
0.585992

0.806555
0.863788
0.651129

0.736360
0.706313
0.712783
0.700408
0.567642
0.571358
0.801582
0.403621
0.605370
0.524189
0.533842
0.535212
0.973587
0.401916
0.961678
0.359381
0.831491
0.340916
0.893700
0.622251
0.765617
0.596728
0.316719
0.582765
0.762743

0.648435
0.636162

0.691431
0.399707
0.603152
0.662104
0.411233
0.604866
0.193732
0.770737
0.395027

0.809269
0.164036
0.376964
0.671068
0.626752
0.515358
0.536084
0.430590
0.557542
0.667783

0.741302
0.560941
0.770917

0.759248
0.645185

0.551858
0.697510
0.617671
0.749498
0.982143
0.893719
0.580026
0.759206
0.338708
0.670667
0.499727
0.609080
0.720522
0.707147
0.411111
0.380803
0.207071
0.828506
0.672057

0.635878


0.325060
0.664761
0.894194

0.743927
0.677974
0.783277
0.891628
0.560236

0.754226
0.280215
0.668752
0.686142
0.731511
0.789272
0.506687
0.783705
0.618221
0.651802
0.529843
0.795495
0.802273
0.702294
0.814297
0.540582
0.892541

0.617294
0.711348
0.798913
0.843288
0.725152
0.183457
0.579296

0.774931
0.247107
0.458873
0.372088
0.731025

0.399946
0.441839
0.831429
0.665410

0.546595
0.381753
0.735032
0.379299
0.938368
0.265740

0.281087
0.602121
0.826317
0.918464
0.695619
0.891850
0.474743
0.677327
0.557790
0.670363

0.847712
0.547614
0.605794
0.650096
0.835941
0.593335
0.715264
0.532126
0.726327
0.398021
0.266585
0.250531
0.652044
0.666588
0.683560

0.733578
0.560631
0.551215

0.744934
0.928055
0.926777
0.497361

0.722490
0.819921
0.846619
0.701399

0.960515
0.792702
0.680705
0.922218
0.674701
0.261417
0.734743
0.328853
0.698800
0.407669
0.327297
0.869027


0.623017

0.676295
0.788495
0.831505
0.322366
0.481459
0.401300
0.426590
0.734249
0.708916

0.610736
0.728069
0.561893
0.293857
0.829490
0.472827
0.594864
0.731762

0.584863
0.545168
0.806966
0.763696
0.579964
0.632945
1.000000
0.873764
0.760652
0.448070
0.632218
0.753277
0.618401
0.603795
0.867842
0.586088
0.451625
0.648799
0.655458
0.818928
0.298729
0.780711
0.790103
0.810286
0.289078

0.642091
0.658055


0.316359
0.662978
0.689741
0.324985
0.852335
0.707218

0.533499
0.846758
0.128714

0.389086
0.443752
0.237098

0.898536
0.646795
0.667694
0.844005
0.656675
0.216217
0.771953
0.727737
0.812530
0.399623
0.801954
0.882776
0.851710
0.823494
0.298841
0.627504
0.942386
0.756662

0.359937

0.789551
0.786881
0.726662
0.668785
0.523539
0.701863
0.680698
0.915896
0.599596
0.188874
0.689154

0.673112
0.903147
0.863922

0.535942

0.728891
0.623466


0.669572
0.854881
0.659443
0.940614
0.352982

0.667075
0.473772
0.627052
0.470977
0.595581
0.292073
0.494990
0.735407
0.723953
0.808594
0.456478
0.952417
0.551881
0.650445
0.015311
0.929247
0.474574
0.664174
0.485922
0.526905
0.836759
0.238099
0.211116

0.479747
0.759807
0.802465
0.434982
0.598807
0.771957

0.672586
0.390083

0.821550
0.790623
0.754408
0.589977
0.760736
0.864140
0.624171
0.682739
0.728487
0.751143
0.319040
0.855809
0.725599
0.547891
0.770855
0.596206
0.589176
0.833550
0.721917
0.243856
0.877724
0.697132
0.781346
0.683024

0.717535

0.779298
0.443619
0.809693
0.773095
0.448133
0.673152
0.622306

0.116615
0.396941
0.864921
0.697852
0.744693
0.116615
0.396941
0.680989
0.697852
0.714643

0.525518
0.513664
0.402943
0.574290
0.743127
0.917067
0.116615
0.396941
0.680989
0.697852
0.744693

0.116615
0.396941
0.680989
0.697852
0.744693

0.525518
0.513664
0.402943
0.574290
0.743127
0.917067
0.562803
0.199769
0.787866
0.564203
0.523509
0.618990

0.901347
0.680479

0.867920
0.572376
0.538153
0.662886
0.576949
0.845996


0.403943
0.428629
0.858815
0.521340
0.578905
0.609147
0.699383

0.207929


0.845385
0.454764

0.111918
0.570427

0.544322

0.645283
0.825623
0.769203
0.448417
0.744649
0.632304
0.731345
0.760599

0.388020

0.640030
0.660504
0.460390
0.983524
0.378592
0.711340
0.679198



0.303250
0.746089
0.393586
0.723203
0.401522
0.474641
0.785364

0.727023
0.381994
0.781202
0.877647
0.573341
0.602215
0.486361
0.615375
0.557903
0.238842
0.153457
0.828305
0.284540
0.338637
0.669561
0.622805
0.630712
0.367784
0.651815
0.747759


0.930325
0.229557
0.755733
0.661955
0.432365
0.941180
0.685240
0.653682
0.701868
0.768469
0.317869
0.722915
0.501420
0.406094
0.405201
0.239823

0.591136
0.670842
0.381342
0.623117
0.964551
0.663599
0.711825
0.873544
0.627296
0.786539

0.134090
0.508441
0.730490
0.339023
0.700228
0.557908
0.683045
0.431599
0.849386

0.890565
0.794073
0.633872
0.187949
0.385134
0.077393
0.573189
0.154402
0.777315
0.307154
0.616881
0.833666
0.490395
0.830760
0.412946
0.797027
0.627253
0.510064
0.673026
0.540548

0.775135
0.556126
0.450240
0.589844
0.360931
0.764245
0.764027
0.767955
0.792111
0.675924
0.673389
0.880428
0.767014
0.320229
0.711335
0.495597
0.540396
0.783251

0.384378
0.245827
0.808167
0.570795
0.474557
0.389585
0.458163

0.794429
0.250129

0.533814
0.764132
0.342335
0.615622
0.460402
0.597929
0.778207
0.153248
0.796995
0.841022

0.789387
0.474953
0.442955
0.380875

0.475622
0.268666
0.212501
0.800877
0.207577

0.497088

0.757948
0.789698
0.571940
0.543833
0.665310
0.728677
0.666715
0.831582
0.588539
0.620749
0.538647
0.706393
0.547298
0.618532
0.579305
0.207637


0.865980
0.546338
0.515582
0.661539
0.389978
0.424042
0.180601
0.368861
0.362168
0.585950
0.559511
0.710554
0.704853
0.595635
0.653595
0.641061

0.534489
0.806868
0.705395
0.733060
0.720179
0.360849
0.738554

0.328590
0.542363

0.722060
