0.708222
0.942158
0.838633
0.374889
0.460430
0.241149


0.887381
0.644330
0.721905
0.280330
0.794522
0.742523
0.654225
0.549245
0.573201
0.803415
0.390515
0.324334
0.363677
0.692133
0.700744
0.635626
0.311611
0.885795

0.742025
0.709914
0.779489
0.731306

0.697766
0.981882
0.704921
0.670814
0.688104
0.424580
0.339554
0.585572
0.646785
0.539103
0.824699
0.510668
0.800092
0.484772
0.606955

0.433797

0.779986
0.534740

0.807813
0.871469
0.863372
0.390263
0.750912
0.527576
0.737872
0.489756
0.594808
0.553382
0.853657
0.390874
0.600443
0.481634
0.592162
0.694827
0.954279
0.573999
0.980878
0.518851
0.883656
0.682539
0.893700
0.308702
0.729369
0.520321
0.631789
0.704614
0.820327

0.491328
0.646576
0.637216
0.602024
0.342580
0.555921
0.686362
0.337296
0.712384
0.347220
0.790007
0.290617

0.805105
0.403305
0.650852
0.697909
0.609286
0.565116
0.635087
0.439604
0.598638
0.684191
0.504131
0.687152
0.645841
0.766421

0.626652
0.551671
0.452586
0.707052
0.477298
0.680600
0.747341
0.718665
0.831195
0.588147
0.654629
0.525078
0.639956
0.509766
0.602703
0.548059
0.741749
0.333413
0.239067
0.482548
0.834780
0.731212

0.692226
0.498016
0.245781

0.645404
0.938793
0.448858
0.759621
0.702669
0.820282
0.877229
0.480207

0.754226
0.371439
0.612604
0.676863
0.628841
0.737433
0.493408
0.698064
0.549767
0.504595
0.394588
0.836587
0.838925
0.686327
0.785734
0.615687
0.785761
0.410455
0.545875
0.517524
0.765143
0.825145
0.646200
0.195487
0.579532
0.217507
0.776696
0.464315
0.459800
0.590848
0.657756

0.493362
0.495427
0.873136
0.475754

0.642503
0.438667
0.645513
0.441153
0.786209
0.569964
0.449826
0.370739
0.448873
0.831178
0.895382
0.658431
0.887086
0.481189
0.652814
0.598283
0.562704
0.252491
0.827213
0.554322
0.419043
0.623139
0.771022
0.703627
0.642792
0.615924
0.645323
0.433423
0.311069
0.226208
0.516426
0.625785
0.700774
0.694298
0.648734
0.434076
0.654676
0.513646
0.681516
0.936789
0.936880
0.287243
0.372606
0.766483
0.730831
0.789130
0.610569
0.274357
0.951974
0.900166
0.771358
0.828892
0.900999
0.339324
0.722735
0.244753
0.666758
0.612451
0.703144
0.893865
0.523034
0.143574
0.665386

0.698747
0.804943
0.791806
0.551138
0.464389
0.403014
0.485203
0.747051
0.760647
0.506757
0.548396
0.824985

0.520708
0.787226
0.542937
0.504195
0.741050
0.536634
0.470751
0.671452
0.844066
0.685986
0.790760
0.605458
1.000000
0.872274
0.711878
0.511521
0.640713
0.706174
0.559671
0.683871
0.790802
0.596497
0.377127
0.563937
0.425498
0.823239
0.415077
0.730065
0.814109
0.782332
0.520449
0.337459
0.653434
0.639218
0.476327
0.179023
0.493388
0.665510
0.684342
0.351370
0.785153
0.682890
0.254889
0.422787
0.801427
0.352793
0.401971
0.476073
0.635542
0.306427
0.438873
0.944729
0.645725
0.600235
0.838663
0.472141
0.296631
0.702972
0.745012
0.825988
0.566988
0.838986
0.874654
0.700028
0.845439
0.272975
0.458204
0.934493
0.676030

0.383993
0.387541
0.759329
0.750857
0.731735
0.681775
0.584713
0.720106
0.607189
0.925760
0.661066
0.348812
0.629385
0.344776
0.542603
0.926205
0.806850
0.236686
0.587324
0.282972
0.624133
0.563438
0.576765

0.647933
0.875772
0.661776
0.897980
0.325317

0.667075
0.576034
0.555991
0.325246
0.698806
0.647552
0.752658
0.759257
0.745694
0.800896
0.397081
0.923615
0.617915
0.566606

0.912214
0.453364
0.757341
0.561396
0.700432
0.805598
0.442871
0.406779
0.404883
0.634387
0.759807
0.783782
0.512417
0.514356
0.818828
0.303101
0.700218
0.398373
0.499840
0.737390
0.625248
0.684717
0.644642
0.736871
0.781794
0.650497
0.811911
0.590233
0.717904
0.834182
0.825635
0.760066
0.395463
0.774726
0.532603
0.777681
0.832853
0.710062
0.245355
0.817567
0.663550
0.586535
0.703826
0.141355
0.343088
0.650918
0.321826
0.414870
0.768283
0.732570
0.570119
0.597236
0.785137
0.221989
0.606761
0.615155
0.716904
0.525432
0.712343

0.482786
0.414667
0.742154
0.610542
0.680382
0.817515
0.565699
0.258038
0.836175
0.630056
0.605748
0.691020
0.201719
0.895599
0.637888

0.611006
0.469532
0.521168
0.496630
0.854141
0.573384
0.366139
0.422389
0.536860
0.710318
0.435278
0.493666
0.706734
0.686045
0.360543
0.554050
0.272527
0.106435
0.709002
0.491248
0.129147
0.439758
0.507541

0.612246
0.289849
0.677278
0.756016
0.737464
0.569749
0.725213
0.770513
0.796809
0.724251
0.297522
0.410712
0.209196
0.602372
0.685359
0.373229
0.940589
0.706856
0.685918
0.568831
0.440257

0.728182
0.558427
0.724819
0.436811
0.750676
0.600213
0.733027
0.814716
0.548111
0.664644
0.304125
0.664579
0.860248

0.647907
0.500863
0.615768
0.594656
0.381860
0.242291
0.650879
0.309652
0.352396
0.645214
0.553734
0.650392
0.458725
0.546567
0.778709
0.176569
0.483267
0.935224
0.357799
0.766055
0.723354
0.580594
0.874600
0.800671
0.602774
0.765698
0.762635
0.605817
0.802018
0.650350
0.405121
0.489111
0.317135
0.323213
0.575859
0.616730
0.236254
0.516151
0.964551
0.575096
0.740024
0.813392
0.605200
0.719945
0.372365
0.775682
0.538590
0.761447
0.318598
0.856116
0.590771
0.667801
0.351682
0.880496
0.478861
0.862535
0.740774
0.465216
0.479839
0.406792
0.657043
0.557369
0.601221
0.768052
0.360853
0.758230
0.641488
0.411931
0.768781
0.327878
0.709926
0.631802
0.523715
0.708741
0.360837

0.727680
0.453982
0.304062
0.507479
0.361094
0.732945
0.731851
0.767942
0.889671
0.703535
0.566127
0.866373
0.735065
0.682018
0.715869
0.506818
0.491639
0.743570
0.422941
0.276379
0.479758
0.887171
0.614100
0.379413
0.463144
0.481947
0.704316
0.743264
0.379274
0.426241
0.622989
0.698176
0.380683
0.569443
0.481686
0.571095
0.772015
0.556471
0.756670
0.807425
0.305570
0.801675
0.242492
0.476135
0.563902

0.526859
0.431796

0.810842
0.303409
0.453677
0.575928

0.849351
0.744365
0.763633
0.610750
0.723469
0.834232
0.791223
0.690031
0.678848
0.519618
0.463110
0.709886
0.413381
0.601778
0.463224
0.422152
0.365991
0.686108
0.817391
0.495822
0.305865
0.655141
0.589932
0.425068
0.313759
0.413669
0.728269
0.587283
0.580783
0.791111
0.559650
0.499402
0.724649
0.611498
0.471717
0.526404
0.761735
0.665319
0.562662
0.756941
0.531485
0.781668
0.276977
0.750013
0.658067

0.819949
