0.374889
0.241149
0.339554
0.585572
0.510668
0.606955
0.779986
0.750912
0.489756
0.694827
0.573999
0.729369
0.520321
0.555921
0.609286
0.439604
0.684191
0.687152
0.654629
0.548059
0.938793
0.820282
0.698064
0.504595
0.394588
0.836587
0.646200
0.459800
0.645513
0.481189
0.562704
0.771022
0.703627
0.936880
0.951974
0.698747
0.377127
0.337459
0.493388
0.306427
0.700028
0.383993
0.759329
0.720106
0.344776
0.282972
0.453364
0.514356
0.781794
0.532603
0.586535
0.321826
0.732570
0.565699
0.258038
0.630056
0.000000
0.521168
0.521168
0.573384
0.422389
0.435278
0.554050
0.602372
0.558427
0.750676
0.317135
0.516151
0.516151
0.813392
0.318598
0.590771
0.740774
0.465216
0.758230
0.304062
0.735065
0.379413
0.743264
0.801675
0.453677
0.575928
0.519618
0.601778
0.817391
0.761735
0.750013
0.819949
