0.886596
0.671663
0.408850
0.832925
0.299931
0.642894
0.852598
0.363277
0.446243
0.871849
0.671341
0.651190
0.855935
0.396176
0.773721
0.403398
0.776897
0.690494
0.978493
0.906491
0.838397
0.888584
0.492833
0.751748
0.671624
0.660093
0.449715
0.841305
0.749872
0.887669
0.694334
0.809883
0.905711
0.626217
0.841536
0.446905
0.713587
0.688432
0.916047
0.890663
0.913897
0.497494
0.829196
0.607719
0.481148
0.969533
0.810755
0.546016
0.942194
0.534913
0.784683
0.878494
0.880022
0.626217
0.683279
0.868973
0.958279
0.863987
0.725659
0.399181
0.870744
0.692364
0.588273
0.808223
0.674718
0.742829
0.556544
0.808030
0.795514
0.340760
0.675534
0.278319
0.272807
0.343494
0.634823
0.774736
0.702899
0.894406
0.841709
0.789597
0.895776
0.770453
0.830155
0.851529
0.614643
0.652179
0.793987
0.699241
0.402711
0.402711
0.384429
0.432452
0.663686
0.623683
0.900712
0.368672
0.588968
0.658520
0.364143
0.715327
0.959830
0.771914
0.787345
0.842834
0.385504
0.385504
0.387181
0.919425
0.332194
0.889635
0.643884
0.942293
0.575013
0.603930
0.888158
0.630117
0.694060
0.207270
0.886069
0.736176
0.775880
0.721452
0.866919
0.827939
0.784098
0.290595
0.675797
0.349635
0.772454
0.557203
0.768522
0.913553
0.449129
0.476349
0.791655
0.576816
0.828944
