0.969152
0.271753
0.625862
0.623694
0.717352
0.661029
0.611640
0.763178
0.421563
0.850196
0.720413
0.618213
0.736360
0.712783
0.535212
0.401916
0.961678
0.359381
0.831491
0.893700
0.596728
0.000000
0.000000
0.603152
0.604866
0.809269
0.626752
0.430590
0.000000
0.741302
0.720522
0.672057
0.635878
0.783277
0.668752
0.783705
0.618221
0.529843
0.795495
0.814297
0.000000
0.711348
0.000000
0.938368
0.918464
0.891850
0.677327
0.670363
0.547614
0.605794
0.593335
0.726327
0.926777
0.846619
0.698800
0.676295
0.561893
0.829490
0.584863
0.632945
1.000000
0.753277
0.648799
0.818928
0.000000
0.000000
0.237098
0.000000
0.851710
0.789551
0.701863
0.689154
0.000000
0.863922
0.000000
0.000000
0.854881
0.667075
0.735407
0.456478
0.551881
0.790623
0.760736
0.864140
0.624171
0.770855
0.697132
0.781346
0.773095
0.744693
0.714643
0.000000
0.744693
0.000000
0.744693
0.000000
0.562803
0.199769
0.564203
0.000000
0.403943
0.521340
0.000000
0.769203
0.744649
0.632304
0.000000
0.393586
0.723203
0.000000
0.602215
0.486361
0.338637
0.747759
0.000000
0.755733
0.685240
0.768469
0.317869
0.406094
0.405201
0.239823
0.730490
0.700228
0.794073
0.573189
0.777315
0.616881
0.412946
0.797027
0.510064
0.767014
0.000000
0.474557
0.000000
0.794429
0.789387
0.497088
0.571940
0.831582
0.620749
0.618532
0.865980
0.180601
0.653595
0.641061
0.534489
0.806868
0.733060
0.738554
0.000000
0.722060
