0.938788
0.857189
0.394784
0.988925
0.990732
0.217061
0.331542
0.843122
0.666436
0.920051
0.904974
0.890535
0.847327
1.000000
0.961263
0.818729
0.915206
0.378714
0.926167
0.948464
0.750702
0.542206
0.727722
0.968791
0.746525
0.889807
0.609931
0.952666
0.417397
0.889053
0.561044
0.819433
0.978480
0.941066
0.573098
0.890685
0.604071
0.440361
0.953947
0.890685
0.504047
0.960929
0.785254
0.743325
0.734237
0.609931
0.792239
0.868616
0.969010
0.918190
0.655385
0.888508
0.860103
0.687773
0.984584
0.757062
0.624478
0.808176
0.735606
0.406709
0.826461
0.920534
0.432588
0.686369
0.474011
0.876621
0.765406
0.987929
0.822038
0.854967
0.967861
0.968791
0.822038
0.967861
0.822038
0.967861
0.968791
0.658444
0.683902
0.838905
0.756276
0.697793
0.654027
0.971610
0.941066
0.820684
0.312430
0.924366
0.989990
0.980038
0.889053
0.961692
0.990147
0.966933
0.943317
0.548735
0.412583
0.971894
0.754054
0.726663
0.938708
0.755363
0.716257
0.871675
0.307775
0.673610
0.842383
0.565110
0.721569
0.793229
0.433464
0.942670
0.941079
0.896787
