0.909774
0.788505
0.395268
0.900343
0.955384
0.217061
0.308971
0.861405
0.658781
0.918018
0.954456
0.922911
0.852650
1.000000
0.952417
0.818729
0.915206
0.378714
0.784483
0.871620
0.750702
0.546192
0.745852
0.950331
0.708039
0.889807
0.639376
0.952666
0.415656
0.827612
0.553627
0.836755
0.925878
0.892691
0.557266
0.958790
0.580429
0.439425
0.946278
0.958790
0.487082
0.960929
0.797125
0.727195
0.670763
0.639376
0.761309
0.960953
0.955128
0.972037
0.673818
0.793401
0.886042
0.696878
0.916224
0.757062
0.646039
0.785201
0.739920
0.801682
0.774100
0.424194
0.665194
0.467167
0.953350
0.760543
0.970625
0.699556
0.718161
0.950331
0.699556
0.699556
0.950331
0.636611
0.661234
0.838905
0.689192
0.683037
0.646001
0.905393
0.892691
0.702095
0.312430
0.899306
0.969905
0.959991
0.827612
0.928845
0.990147
1.000000
0.943317
0.548735
0.414305
0.990338
0.765819
0.753699
0.893934
0.747967
0.728270
0.890399
0.307775
0.710376
0.852227
0.569132
0.752935
0.810633
0.429982
0.960621
0.895207
0.788814
